26,4
26,1
26,3
30,4
30,1
30,3
28,4
29,1
29,3
28,5
28,1
28,3
27,1
27,3
25,4
25,1
25,3
24,4
24,1
24,3
3,2
3,1
3,3
10,101
10,225
10,256
10,261
10,268
10,269
10,192
10,1
10,99
10,2
10,3
11,11
11,23
11,13
11,18
11,14
11,15
11,1
11,8
11,2
11,3
9,7
9,4
9,1
9,6
9,2
9,3
8,9
8,8
8,6
8,15
8,1
8,7
8,2
8,3
12,2
12,1
12,3
20,2
20,1
20,3
19,2
19,1
19,3
35,7
35,6
35,5
35,4
35,3
35,2
35,1
18,1
35,0
34,5
34,4
34,3
18,3
34,2
34,1
34,0
33,65
33,64
33,36
33,35
33,34
33,33
33,32
33,31
33,30
33,29
33,28
33,27
33,26
33,25
33,24
33,23
33,22
33,21
33,20
33,19
33,18
33,17
33,16
33,15
14,3
33,14
33,13
33,12
33,11
33,10
33,9
